{
 "cells": [
  {
   "cell_type": "code",
   "execution_count": 1,
   "id": "001f13e5",
   "metadata": {},
   "outputs": [],
   "source": [
    "# Import all the tools we need\n",
    "# Regular EDA ( exploratory data analysis) and plotting libraries\n",
    "import numpy as np\n",
    "import pandas as pd\n",
    "import seaborn as sns\n",
    "import matplotlib.pyplot as plt \n",
    "\n",
    "\n",
    "# we want our plots to appear inside the notebook \n",
    "%matplotlib inline \n",
    "\n",
    "#Models from scikit-learn\n",
    "from sklearn.linear_model import LogisticRegression\n",
    "from sklearn.neighbors import KNeighborsClassifier\n",
    "from sklearn.ensemble import RandomForestClassifier\n",
    "\n",
    "#Model Evaluations\n",
    "from sklearn import metrics\n",
    "from sklearn.model_selection import train_test_split, cross_val_score\n",
    "from sklearn.model_selection import RandomizedSearchCV, GridSearchCV\n",
    "from sklearn.metrics import confusion_matrix, classification_report\n",
    "from sklearn.metrics import precision_score, recall_score, f1_score\n",
    "from sklearn import datasets, metrics, model_selection, svm\n",
    "from sklearn.metrics import plot_roc_curve\n",
    "\n"
   ]
  },
  {
   "cell_type": "code",
   "execution_count": 2,
   "id": "367b2dc0",
   "metadata": {},
   "outputs": [
    {
     "data": {
      "text/html": [
       "<div>\n",
       "<style scoped>\n",
       "    .dataframe tbody tr th:only-of-type {\n",
       "        vertical-align: middle;\n",
       "    }\n",
       "\n",
       "    .dataframe tbody tr th {\n",
       "        vertical-align: top;\n",
       "    }\n",
       "\n",
       "    .dataframe thead th {\n",
       "        text-align: right;\n",
       "    }\n",
       "</style>\n",
       "<table border=\"1\" class=\"dataframe\">\n",
       "  <thead>\n",
       "    <tr style=\"text-align: right;\">\n",
       "      <th></th>\n",
       "      <th>age</th>\n",
       "      <th>sex</th>\n",
       "      <th>cp</th>\n",
       "      <th>trestbps</th>\n",
       "      <th>chol</th>\n",
       "      <th>fbs</th>\n",
       "      <th>restecg</th>\n",
       "      <th>thalach</th>\n",
       "      <th>exang</th>\n",
       "      <th>oldpeak</th>\n",
       "      <th>slope</th>\n",
       "      <th>ca</th>\n",
       "      <th>smok</th>\n",
       "      <th>lhours</th>\n",
       "      <th>thal</th>\n",
       "      <th>target</th>\n",
       "    </tr>\n",
       "  </thead>\n",
       "  <tbody>\n",
       "    <tr>\n",
       "      <th>0</th>\n",
       "      <td>63</td>\n",
       "      <td>1</td>\n",
       "      <td>3</td>\n",
       "      <td>145</td>\n",
       "      <td>233</td>\n",
       "      <td>1</td>\n",
       "      <td>0</td>\n",
       "      <td>150</td>\n",
       "      <td>0</td>\n",
       "      <td>2.3</td>\n",
       "      <td>0</td>\n",
       "      <td>0</td>\n",
       "      <td>1</td>\n",
       "      <td>0</td>\n",
       "      <td>1</td>\n",
       "      <td>1</td>\n",
       "    </tr>\n",
       "    <tr>\n",
       "      <th>1</th>\n",
       "      <td>37</td>\n",
       "      <td>1</td>\n",
       "      <td>2</td>\n",
       "      <td>130</td>\n",
       "      <td>250</td>\n",
       "      <td>0</td>\n",
       "      <td>1</td>\n",
       "      <td>187</td>\n",
       "      <td>0</td>\n",
       "      <td>3.5</td>\n",
       "      <td>0</td>\n",
       "      <td>0</td>\n",
       "      <td>1</td>\n",
       "      <td>2</td>\n",
       "      <td>2</td>\n",
       "      <td>1</td>\n",
       "    </tr>\n",
       "    <tr>\n",
       "      <th>2</th>\n",
       "      <td>41</td>\n",
       "      <td>0</td>\n",
       "      <td>1</td>\n",
       "      <td>130</td>\n",
       "      <td>204</td>\n",
       "      <td>0</td>\n",
       "      <td>0</td>\n",
       "      <td>172</td>\n",
       "      <td>0</td>\n",
       "      <td>1.4</td>\n",
       "      <td>2</td>\n",
       "      <td>0</td>\n",
       "      <td>1</td>\n",
       "      <td>2</td>\n",
       "      <td>2</td>\n",
       "      <td>1</td>\n",
       "    </tr>\n",
       "    <tr>\n",
       "      <th>3</th>\n",
       "      <td>56</td>\n",
       "      <td>1</td>\n",
       "      <td>1</td>\n",
       "      <td>120</td>\n",
       "      <td>236</td>\n",
       "      <td>0</td>\n",
       "      <td>1</td>\n",
       "      <td>178</td>\n",
       "      <td>0</td>\n",
       "      <td>0.8</td>\n",
       "      <td>2</td>\n",
       "      <td>0</td>\n",
       "      <td>0</td>\n",
       "      <td>2</td>\n",
       "      <td>2</td>\n",
       "      <td>1</td>\n",
       "    </tr>\n",
       "    <tr>\n",
       "      <th>4</th>\n",
       "      <td>57</td>\n",
       "      <td>0</td>\n",
       "      <td>0</td>\n",
       "      <td>120</td>\n",
       "      <td>354</td>\n",
       "      <td>0</td>\n",
       "      <td>1</td>\n",
       "      <td>163</td>\n",
       "      <td>1</td>\n",
       "      <td>0.6</td>\n",
       "      <td>2</td>\n",
       "      <td>0</td>\n",
       "      <td>1</td>\n",
       "      <td>0</td>\n",
       "      <td>2</td>\n",
       "      <td>1</td>\n",
       "    </tr>\n",
       "  </tbody>\n",
       "</table>\n",
       "</div>"
      ],
      "text/plain": [
       "   age  sex  cp  trestbps  chol  fbs  restecg  thalach  exang  oldpeak  slope  \\\n",
       "0   63    1   3       145   233    1        0      150      0      2.3      0   \n",
       "1   37    1   2       130   250    0        1      187      0      3.5      0   \n",
       "2   41    0   1       130   204    0        0      172      0      1.4      2   \n",
       "3   56    1   1       120   236    0        1      178      0      0.8      2   \n",
       "4   57    0   0       120   354    0        1      163      1      0.6      2   \n",
       "\n",
       "   ca  smok  lhours  thal  target  \n",
       "0   0     1       0     1       1  \n",
       "1   0     1       2     2       1  \n",
       "2   0     1       2     2       1  \n",
       "3   0     0       2     2       1  \n",
       "4   0     1       0     2       1  "
      ]
     },
     "execution_count": 2,
     "metadata": {},
     "output_type": "execute_result"
    }
   ],
   "source": [
    "data = pd.read_csv(\"data.csv\")\n",
    "data.head()"
   ]
  },
  {
   "cell_type": "code",
   "execution_count": 3,
   "id": "51f8ad19",
   "metadata": {},
   "outputs": [
    {
     "data": {
      "text/plain": [
       "<bound method IndexOpsMixin.value_counts of 0      1\n",
       "1      1\n",
       "2      1\n",
       "3      1\n",
       "4      1\n",
       "      ..\n",
       "298    0\n",
       "299    0\n",
       "300    0\n",
       "301    0\n",
       "302    0\n",
       "Name: target, Length: 303, dtype: int64>"
      ]
     },
     "execution_count": 3,
     "metadata": {},
     "output_type": "execute_result"
    }
   ],
   "source": [
    "data.target.value_counts"
   ]
  },
  {
   "cell_type": "code",
   "execution_count": 4,
   "id": "1b59db2f",
   "metadata": {},
   "outputs": [
    {
     "name": "stdout",
     "output_type": "stream",
     "text": [
      "<class 'pandas.core.frame.DataFrame'>\n",
      "RangeIndex: 303 entries, 0 to 302\n",
      "Data columns (total 16 columns):\n",
      " #   Column    Non-Null Count  Dtype  \n",
      "---  ------    --------------  -----  \n",
      " 0   age       303 non-null    int64  \n",
      " 1   sex       303 non-null    int64  \n",
      " 2   cp        303 non-null    int64  \n",
      " 3   trestbps  303 non-null    int64  \n",
      " 4   chol      303 non-null    int64  \n",
      " 5   fbs       303 non-null    int64  \n",
      " 6   restecg   303 non-null    int64  \n",
      " 7   thalach   303 non-null    int64  \n",
      " 8   exang     303 non-null    int64  \n",
      " 9   oldpeak   303 non-null    float64\n",
      " 10  slope     303 non-null    int64  \n",
      " 11  ca        303 non-null    int64  \n",
      " 12  smok      303 non-null    int64  \n",
      " 13  lhours    303 non-null    int64  \n",
      " 14  thal      303 non-null    int64  \n",
      " 15  target    303 non-null    int64  \n",
      "dtypes: float64(1), int64(15)\n",
      "memory usage: 38.0 KB\n"
     ]
    }
   ],
   "source": [
    "data.info()"
   ]
  },
  {
   "cell_type": "code",
   "execution_count": 5,
   "id": "05f0da4b",
   "metadata": {},
   "outputs": [
    {
     "data": {
      "text/plain": [
       "0    183\n",
       "1    120\n",
       "Name: smok, dtype: int64"
      ]
     },
     "execution_count": 5,
     "metadata": {},
     "output_type": "execute_result"
    }
   ],
   "source": [
    "data.smok.value_counts()"
   ]
  },
  {
   "cell_type": "code",
   "execution_count": 6,
   "id": "134f21a7",
   "metadata": {},
   "outputs": [
    {
     "data": {
      "text/html": [
       "<div>\n",
       "<style scoped>\n",
       "    .dataframe tbody tr th:only-of-type {\n",
       "        vertical-align: middle;\n",
       "    }\n",
       "\n",
       "    .dataframe tbody tr th {\n",
       "        vertical-align: top;\n",
       "    }\n",
       "\n",
       "    .dataframe thead th {\n",
       "        text-align: right;\n",
       "    }\n",
       "</style>\n",
       "<table border=\"1\" class=\"dataframe\">\n",
       "  <thead>\n",
       "    <tr style=\"text-align: right;\">\n",
       "      <th>smok</th>\n",
       "      <th>0</th>\n",
       "      <th>1</th>\n",
       "    </tr>\n",
       "    <tr>\n",
       "      <th>target</th>\n",
       "      <th></th>\n",
       "      <th></th>\n",
       "    </tr>\n",
       "  </thead>\n",
       "  <tbody>\n",
       "    <tr>\n",
       "      <th>0</th>\n",
       "      <td>79</td>\n",
       "      <td>59</td>\n",
       "    </tr>\n",
       "    <tr>\n",
       "      <th>1</th>\n",
       "      <td>104</td>\n",
       "      <td>61</td>\n",
       "    </tr>\n",
       "  </tbody>\n",
       "</table>\n",
       "</div>"
      ],
      "text/plain": [
       "smok      0   1\n",
       "target         \n",
       "0        79  59\n",
       "1       104  61"
      ]
     },
     "execution_count": 6,
     "metadata": {},
     "output_type": "execute_result"
    }
   ],
   "source": [
    "pd.crosstab(data.target, data.smok)"
   ]
  },
  {
   "cell_type": "code",
   "execution_count": 7,
   "id": "d51bde3e",
   "metadata": {},
   "outputs": [
    {
     "data": {
      "text/html": [
       "<div>\n",
       "<style scoped>\n",
       "    .dataframe tbody tr th:only-of-type {\n",
       "        vertical-align: middle;\n",
       "    }\n",
       "\n",
       "    .dataframe tbody tr th {\n",
       "        vertical-align: top;\n",
       "    }\n",
       "\n",
       "    .dataframe thead th {\n",
       "        text-align: right;\n",
       "    }\n",
       "</style>\n",
       "<table border=\"1\" class=\"dataframe\">\n",
       "  <thead>\n",
       "    <tr style=\"text-align: right;\">\n",
       "      <th>lhours</th>\n",
       "      <th>0</th>\n",
       "      <th>1</th>\n",
       "      <th>2</th>\n",
       "    </tr>\n",
       "    <tr>\n",
       "      <th>target</th>\n",
       "      <th></th>\n",
       "      <th></th>\n",
       "      <th></th>\n",
       "    </tr>\n",
       "  </thead>\n",
       "  <tbody>\n",
       "    <tr>\n",
       "      <th>0</th>\n",
       "      <td>45</td>\n",
       "      <td>55</td>\n",
       "      <td>38</td>\n",
       "    </tr>\n",
       "    <tr>\n",
       "      <th>1</th>\n",
       "      <td>49</td>\n",
       "      <td>45</td>\n",
       "      <td>71</td>\n",
       "    </tr>\n",
       "  </tbody>\n",
       "</table>\n",
       "</div>"
      ],
      "text/plain": [
       "lhours   0   1   2\n",
       "target            \n",
       "0       45  55  38\n",
       "1       49  45  71"
      ]
     },
     "execution_count": 7,
     "metadata": {},
     "output_type": "execute_result"
    }
   ],
   "source": [
    "pd.crosstab(data.target, data.lhours)"
   ]
  },
  {
   "cell_type": "code",
   "execution_count": 8,
   "id": "73b110dc",
   "metadata": {},
   "outputs": [
    {
     "data": {
      "text/html": [
       "<div>\n",
       "<style scoped>\n",
       "    .dataframe tbody tr th:only-of-type {\n",
       "        vertical-align: middle;\n",
       "    }\n",
       "\n",
       "    .dataframe tbody tr th {\n",
       "        vertical-align: top;\n",
       "    }\n",
       "\n",
       "    .dataframe thead th {\n",
       "        text-align: right;\n",
       "    }\n",
       "</style>\n",
       "<table border=\"1\" class=\"dataframe\">\n",
       "  <thead>\n",
       "    <tr style=\"text-align: right;\">\n",
       "      <th></th>\n",
       "      <th>age</th>\n",
       "      <th>sex</th>\n",
       "      <th>cp</th>\n",
       "      <th>trestbps</th>\n",
       "      <th>chol</th>\n",
       "      <th>fbs</th>\n",
       "      <th>restecg</th>\n",
       "      <th>thalach</th>\n",
       "      <th>exang</th>\n",
       "      <th>oldpeak</th>\n",
       "      <th>slope</th>\n",
       "      <th>ca</th>\n",
       "      <th>smok</th>\n",
       "      <th>lhours</th>\n",
       "      <th>thal</th>\n",
       "      <th>target</th>\n",
       "    </tr>\n",
       "  </thead>\n",
       "  <tbody>\n",
       "    <tr>\n",
       "      <th>age</th>\n",
       "      <td>1.000000</td>\n",
       "      <td>-0.098447</td>\n",
       "      <td>-0.068653</td>\n",
       "      <td>0.279351</td>\n",
       "      <td>0.213678</td>\n",
       "      <td>0.121308</td>\n",
       "      <td>-0.116211</td>\n",
       "      <td>-0.398522</td>\n",
       "      <td>0.096801</td>\n",
       "      <td>0.210013</td>\n",
       "      <td>-0.168814</td>\n",
       "      <td>0.276326</td>\n",
       "      <td>-0.021554</td>\n",
       "      <td>-0.064374</td>\n",
       "      <td>0.068001</td>\n",
       "      <td>-0.225439</td>\n",
       "    </tr>\n",
       "    <tr>\n",
       "      <th>sex</th>\n",
       "      <td>-0.098447</td>\n",
       "      <td>1.000000</td>\n",
       "      <td>-0.049353</td>\n",
       "      <td>-0.056769</td>\n",
       "      <td>-0.197912</td>\n",
       "      <td>0.045032</td>\n",
       "      <td>-0.058196</td>\n",
       "      <td>-0.044020</td>\n",
       "      <td>0.141664</td>\n",
       "      <td>0.096093</td>\n",
       "      <td>-0.030711</td>\n",
       "      <td>0.118261</td>\n",
       "      <td>-0.057731</td>\n",
       "      <td>-0.080292</td>\n",
       "      <td>0.210041</td>\n",
       "      <td>-0.280937</td>\n",
       "    </tr>\n",
       "    <tr>\n",
       "      <th>cp</th>\n",
       "      <td>-0.068653</td>\n",
       "      <td>-0.049353</td>\n",
       "      <td>1.000000</td>\n",
       "      <td>0.047608</td>\n",
       "      <td>-0.076904</td>\n",
       "      <td>0.094444</td>\n",
       "      <td>0.044421</td>\n",
       "      <td>0.295762</td>\n",
       "      <td>-0.394280</td>\n",
       "      <td>-0.149230</td>\n",
       "      <td>0.119717</td>\n",
       "      <td>-0.181053</td>\n",
       "      <td>-0.013358</td>\n",
       "      <td>-0.025503</td>\n",
       "      <td>-0.161736</td>\n",
       "      <td>0.433798</td>\n",
       "    </tr>\n",
       "    <tr>\n",
       "      <th>trestbps</th>\n",
       "      <td>0.279351</td>\n",
       "      <td>-0.056769</td>\n",
       "      <td>0.047608</td>\n",
       "      <td>1.000000</td>\n",
       "      <td>0.123174</td>\n",
       "      <td>0.177531</td>\n",
       "      <td>-0.114103</td>\n",
       "      <td>-0.046698</td>\n",
       "      <td>0.067616</td>\n",
       "      <td>0.193216</td>\n",
       "      <td>-0.121475</td>\n",
       "      <td>0.101389</td>\n",
       "      <td>0.054014</td>\n",
       "      <td>-0.058451</td>\n",
       "      <td>0.062210</td>\n",
       "      <td>-0.144931</td>\n",
       "    </tr>\n",
       "    <tr>\n",
       "      <th>chol</th>\n",
       "      <td>0.213678</td>\n",
       "      <td>-0.197912</td>\n",
       "      <td>-0.076904</td>\n",
       "      <td>0.123174</td>\n",
       "      <td>1.000000</td>\n",
       "      <td>0.013294</td>\n",
       "      <td>-0.151040</td>\n",
       "      <td>-0.009940</td>\n",
       "      <td>0.067023</td>\n",
       "      <td>0.053952</td>\n",
       "      <td>-0.004038</td>\n",
       "      <td>0.070511</td>\n",
       "      <td>0.029905</td>\n",
       "      <td>-0.079233</td>\n",
       "      <td>0.098803</td>\n",
       "      <td>-0.085239</td>\n",
       "    </tr>\n",
       "    <tr>\n",
       "      <th>fbs</th>\n",
       "      <td>0.121308</td>\n",
       "      <td>0.045032</td>\n",
       "      <td>0.094444</td>\n",
       "      <td>0.177531</td>\n",
       "      <td>0.013294</td>\n",
       "      <td>1.000000</td>\n",
       "      <td>-0.084189</td>\n",
       "      <td>-0.008567</td>\n",
       "      <td>0.025665</td>\n",
       "      <td>0.005747</td>\n",
       "      <td>-0.059894</td>\n",
       "      <td>0.137979</td>\n",
       "      <td>-0.053547</td>\n",
       "      <td>-0.104821</td>\n",
       "      <td>-0.032019</td>\n",
       "      <td>-0.028046</td>\n",
       "    </tr>\n",
       "    <tr>\n",
       "      <th>restecg</th>\n",
       "      <td>-0.116211</td>\n",
       "      <td>-0.058196</td>\n",
       "      <td>0.044421</td>\n",
       "      <td>-0.114103</td>\n",
       "      <td>-0.151040</td>\n",
       "      <td>-0.084189</td>\n",
       "      <td>1.000000</td>\n",
       "      <td>0.044123</td>\n",
       "      <td>-0.070733</td>\n",
       "      <td>-0.058770</td>\n",
       "      <td>0.093045</td>\n",
       "      <td>-0.072042</td>\n",
       "      <td>-0.043270</td>\n",
       "      <td>0.062165</td>\n",
       "      <td>-0.011981</td>\n",
       "      <td>0.137230</td>\n",
       "    </tr>\n",
       "    <tr>\n",
       "      <th>thalach</th>\n",
       "      <td>-0.398522</td>\n",
       "      <td>-0.044020</td>\n",
       "      <td>0.295762</td>\n",
       "      <td>-0.046698</td>\n",
       "      <td>-0.009940</td>\n",
       "      <td>-0.008567</td>\n",
       "      <td>0.044123</td>\n",
       "      <td>1.000000</td>\n",
       "      <td>-0.378812</td>\n",
       "      <td>-0.344187</td>\n",
       "      <td>0.386784</td>\n",
       "      <td>-0.213177</td>\n",
       "      <td>-0.081041</td>\n",
       "      <td>0.040858</td>\n",
       "      <td>-0.096439</td>\n",
       "      <td>0.421741</td>\n",
       "    </tr>\n",
       "    <tr>\n",
       "      <th>exang</th>\n",
       "      <td>0.096801</td>\n",
       "      <td>0.141664</td>\n",
       "      <td>-0.394280</td>\n",
       "      <td>0.067616</td>\n",
       "      <td>0.067023</td>\n",
       "      <td>0.025665</td>\n",
       "      <td>-0.070733</td>\n",
       "      <td>-0.378812</td>\n",
       "      <td>1.000000</td>\n",
       "      <td>0.288223</td>\n",
       "      <td>-0.257748</td>\n",
       "      <td>0.115739</td>\n",
       "      <td>-0.017379</td>\n",
       "      <td>-0.033598</td>\n",
       "      <td>0.206754</td>\n",
       "      <td>-0.436757</td>\n",
       "    </tr>\n",
       "    <tr>\n",
       "      <th>oldpeak</th>\n",
       "      <td>0.210013</td>\n",
       "      <td>0.096093</td>\n",
       "      <td>-0.149230</td>\n",
       "      <td>0.193216</td>\n",
       "      <td>0.053952</td>\n",
       "      <td>0.005747</td>\n",
       "      <td>-0.058770</td>\n",
       "      <td>-0.344187</td>\n",
       "      <td>0.288223</td>\n",
       "      <td>1.000000</td>\n",
       "      <td>-0.577537</td>\n",
       "      <td>0.222682</td>\n",
       "      <td>0.039863</td>\n",
       "      <td>-0.068282</td>\n",
       "      <td>0.210244</td>\n",
       "      <td>-0.430696</td>\n",
       "    </tr>\n",
       "    <tr>\n",
       "      <th>slope</th>\n",
       "      <td>-0.168814</td>\n",
       "      <td>-0.030711</td>\n",
       "      <td>0.119717</td>\n",
       "      <td>-0.121475</td>\n",
       "      <td>-0.004038</td>\n",
       "      <td>-0.059894</td>\n",
       "      <td>0.093045</td>\n",
       "      <td>0.386784</td>\n",
       "      <td>-0.257748</td>\n",
       "      <td>-0.577537</td>\n",
       "      <td>1.000000</td>\n",
       "      <td>-0.080155</td>\n",
       "      <td>0.011838</td>\n",
       "      <td>-0.013067</td>\n",
       "      <td>-0.104764</td>\n",
       "      <td>0.345877</td>\n",
       "    </tr>\n",
       "    <tr>\n",
       "      <th>ca</th>\n",
       "      <td>0.276326</td>\n",
       "      <td>0.118261</td>\n",
       "      <td>-0.181053</td>\n",
       "      <td>0.101389</td>\n",
       "      <td>0.070511</td>\n",
       "      <td>0.137979</td>\n",
       "      <td>-0.072042</td>\n",
       "      <td>-0.213177</td>\n",
       "      <td>0.115739</td>\n",
       "      <td>0.222682</td>\n",
       "      <td>-0.080155</td>\n",
       "      <td>1.000000</td>\n",
       "      <td>0.029581</td>\n",
       "      <td>-0.043289</td>\n",
       "      <td>0.151832</td>\n",
       "      <td>-0.391724</td>\n",
       "    </tr>\n",
       "    <tr>\n",
       "      <th>smok</th>\n",
       "      <td>-0.021554</td>\n",
       "      <td>-0.057731</td>\n",
       "      <td>-0.013358</td>\n",
       "      <td>0.054014</td>\n",
       "      <td>0.029905</td>\n",
       "      <td>-0.053547</td>\n",
       "      <td>-0.043270</td>\n",
       "      <td>-0.081041</td>\n",
       "      <td>-0.017379</td>\n",
       "      <td>0.039863</td>\n",
       "      <td>0.011838</td>\n",
       "      <td>0.029581</td>\n",
       "      <td>1.000000</td>\n",
       "      <td>0.008750</td>\n",
       "      <td>-0.028965</td>\n",
       "      <td>-0.058896</td>\n",
       "    </tr>\n",
       "    <tr>\n",
       "      <th>lhours</th>\n",
       "      <td>-0.064374</td>\n",
       "      <td>-0.080292</td>\n",
       "      <td>-0.025503</td>\n",
       "      <td>-0.058451</td>\n",
       "      <td>-0.079233</td>\n",
       "      <td>-0.104821</td>\n",
       "      <td>0.062165</td>\n",
       "      <td>0.040858</td>\n",
       "      <td>-0.033598</td>\n",
       "      <td>-0.068282</td>\n",
       "      <td>-0.013067</td>\n",
       "      <td>-0.043289</td>\n",
       "      <td>0.008750</td>\n",
       "      <td>1.000000</td>\n",
       "      <td>-0.110380</td>\n",
       "      <td>0.112192</td>\n",
       "    </tr>\n",
       "    <tr>\n",
       "      <th>thal</th>\n",
       "      <td>0.068001</td>\n",
       "      <td>0.210041</td>\n",
       "      <td>-0.161736</td>\n",
       "      <td>0.062210</td>\n",
       "      <td>0.098803</td>\n",
       "      <td>-0.032019</td>\n",
       "      <td>-0.011981</td>\n",
       "      <td>-0.096439</td>\n",
       "      <td>0.206754</td>\n",
       "      <td>0.210244</td>\n",
       "      <td>-0.104764</td>\n",
       "      <td>0.151832</td>\n",
       "      <td>-0.028965</td>\n",
       "      <td>-0.110380</td>\n",
       "      <td>1.000000</td>\n",
       "      <td>-0.344029</td>\n",
       "    </tr>\n",
       "    <tr>\n",
       "      <th>target</th>\n",
       "      <td>-0.225439</td>\n",
       "      <td>-0.280937</td>\n",
       "      <td>0.433798</td>\n",
       "      <td>-0.144931</td>\n",
       "      <td>-0.085239</td>\n",
       "      <td>-0.028046</td>\n",
       "      <td>0.137230</td>\n",
       "      <td>0.421741</td>\n",
       "      <td>-0.436757</td>\n",
       "      <td>-0.430696</td>\n",
       "      <td>0.345877</td>\n",
       "      <td>-0.391724</td>\n",
       "      <td>-0.058896</td>\n",
       "      <td>0.112192</td>\n",
       "      <td>-0.344029</td>\n",
       "      <td>1.000000</td>\n",
       "    </tr>\n",
       "  </tbody>\n",
       "</table>\n",
       "</div>"
      ],
      "text/plain": [
       "               age       sex        cp  trestbps      chol       fbs  \\\n",
       "age       1.000000 -0.098447 -0.068653  0.279351  0.213678  0.121308   \n",
       "sex      -0.098447  1.000000 -0.049353 -0.056769 -0.197912  0.045032   \n",
       "cp       -0.068653 -0.049353  1.000000  0.047608 -0.076904  0.094444   \n",
       "trestbps  0.279351 -0.056769  0.047608  1.000000  0.123174  0.177531   \n",
       "chol      0.213678 -0.197912 -0.076904  0.123174  1.000000  0.013294   \n",
       "fbs       0.121308  0.045032  0.094444  0.177531  0.013294  1.000000   \n",
       "restecg  -0.116211 -0.058196  0.044421 -0.114103 -0.151040 -0.084189   \n",
       "thalach  -0.398522 -0.044020  0.295762 -0.046698 -0.009940 -0.008567   \n",
       "exang     0.096801  0.141664 -0.394280  0.067616  0.067023  0.025665   \n",
       "oldpeak   0.210013  0.096093 -0.149230  0.193216  0.053952  0.005747   \n",
       "slope    -0.168814 -0.030711  0.119717 -0.121475 -0.004038 -0.059894   \n",
       "ca        0.276326  0.118261 -0.181053  0.101389  0.070511  0.137979   \n",
       "smok     -0.021554 -0.057731 -0.013358  0.054014  0.029905 -0.053547   \n",
       "lhours   -0.064374 -0.080292 -0.025503 -0.058451 -0.079233 -0.104821   \n",
       "thal      0.068001  0.210041 -0.161736  0.062210  0.098803 -0.032019   \n",
       "target   -0.225439 -0.280937  0.433798 -0.144931 -0.085239 -0.028046   \n",
       "\n",
       "           restecg   thalach     exang   oldpeak     slope        ca  \\\n",
       "age      -0.116211 -0.398522  0.096801  0.210013 -0.168814  0.276326   \n",
       "sex      -0.058196 -0.044020  0.141664  0.096093 -0.030711  0.118261   \n",
       "cp        0.044421  0.295762 -0.394280 -0.149230  0.119717 -0.181053   \n",
       "trestbps -0.114103 -0.046698  0.067616  0.193216 -0.121475  0.101389   \n",
       "chol     -0.151040 -0.009940  0.067023  0.053952 -0.004038  0.070511   \n",
       "fbs      -0.084189 -0.008567  0.025665  0.005747 -0.059894  0.137979   \n",
       "restecg   1.000000  0.044123 -0.070733 -0.058770  0.093045 -0.072042   \n",
       "thalach   0.044123  1.000000 -0.378812 -0.344187  0.386784 -0.213177   \n",
       "exang    -0.070733 -0.378812  1.000000  0.288223 -0.257748  0.115739   \n",
       "oldpeak  -0.058770 -0.344187  0.288223  1.000000 -0.577537  0.222682   \n",
       "slope     0.093045  0.386784 -0.257748 -0.577537  1.000000 -0.080155   \n",
       "ca       -0.072042 -0.213177  0.115739  0.222682 -0.080155  1.000000   \n",
       "smok     -0.043270 -0.081041 -0.017379  0.039863  0.011838  0.029581   \n",
       "lhours    0.062165  0.040858 -0.033598 -0.068282 -0.013067 -0.043289   \n",
       "thal     -0.011981 -0.096439  0.206754  0.210244 -0.104764  0.151832   \n",
       "target    0.137230  0.421741 -0.436757 -0.430696  0.345877 -0.391724   \n",
       "\n",
       "              smok    lhours      thal    target  \n",
       "age      -0.021554 -0.064374  0.068001 -0.225439  \n",
       "sex      -0.057731 -0.080292  0.210041 -0.280937  \n",
       "cp       -0.013358 -0.025503 -0.161736  0.433798  \n",
       "trestbps  0.054014 -0.058451  0.062210 -0.144931  \n",
       "chol      0.029905 -0.079233  0.098803 -0.085239  \n",
       "fbs      -0.053547 -0.104821 -0.032019 -0.028046  \n",
       "restecg  -0.043270  0.062165 -0.011981  0.137230  \n",
       "thalach  -0.081041  0.040858 -0.096439  0.421741  \n",
       "exang    -0.017379 -0.033598  0.206754 -0.436757  \n",
       "oldpeak   0.039863 -0.068282  0.210244 -0.430696  \n",
       "slope     0.011838 -0.013067 -0.104764  0.345877  \n",
       "ca        0.029581 -0.043289  0.151832 -0.391724  \n",
       "smok      1.000000  0.008750 -0.028965 -0.058896  \n",
       "lhours    0.008750  1.000000 -0.110380  0.112192  \n",
       "thal     -0.028965 -0.110380  1.000000 -0.344029  \n",
       "target   -0.058896  0.112192 -0.344029  1.000000  "
      ]
     },
     "execution_count": 8,
     "metadata": {},
     "output_type": "execute_result"
    }
   ],
   "source": [
    "data.corr()"
   ]
  },
  {
   "cell_type": "code",
   "execution_count": 9,
   "id": "11d8a8a5",
   "metadata": {},
   "outputs": [
    {
     "data": {
      "text/plain": [
       "(16.5, -0.5)"
      ]
     },
     "execution_count": 9,
     "metadata": {},
     "output_type": "execute_result"
    },
    {
     "data": {
